Tempo(ms),Leitura(ECG)
8,825
30,815
37,812
45,803
53,795
60,790
68,789
75,785
83,778
91,778
98,778
106,780
114,780
126,749
133,815
141,952
148,1010
156,913
164,598
171,470
179,451
187,449
194,439
202,430
209,425
217,425
225,421
232,413
240,425
248,463
255,508
263,547
271,592
278,631
286,674
293,708
301,747
309,784
316,816
324,848
332,879
339,910
347,924
355,939
362,939
370,942
377,938
385,936
393,928
400,920
408,913
416,915
423,917
431,916
438,921
446,923
454,928
461,928
469,932
477,932
484,936
492,937
500,942
507,943
515,941
536,944
543,944
551,952
559,955
566,956
576,953
584,948
592,943
599,940
607,939
615,939
622,947
630,948
637,959
645,958
775,977
782,1150
790,1278
798,1246
806,991
813,803
821,807
828,816
836,835
844,835
851,843
859,845
867,845
874,848
882,848
889,846
897,843
905,844
912,842
920,847
928,845
935,849
943,849
951,855
958,860
966,868
973,877
981,882
989,885
996,874
1004,865
1012,852
1019,844
1040,799
1048,777
1056,760
1063,746
1071,740
1079,730
1086,727
1094,720
1102,721
1109,716
1117,718
1124,718
1134,718
1142,708
1150,705
1157,709
1165,711
1173,714
1180,716
1188,721
1196,717
1203,722
1211,720
1218,725
1226,726
1234,728
1241,728
1372,782
1379,779
1387,782
1395,778
1402,783
1410,784
1418,760
1425,790
1433,942
1440,1128
1448,1143
1456,988
1463,734
1471,704
1479,712
1486,730
1494,733
1502,747
1509,754
1517,761
1524,766
1545,781
1553,790
1561,797
1569,810
1576,818
1584,828
1591,837
1599,848
1607,861
1614,871
1622,886
1630,895
1637,908
1645,908
1652,906
1662,892
1670,878
1678,859
1685,848
1693,832
1701,824
1708,817
1716,811
1723,812
1731,810
1739,815
1746,814
1754,820
1884,844
1892,842
1900,837
1907,839
1915,838
1922,845
1930,847
1938,852
1945,843
1953,840
1961,830
1968,827
1976,821
1984,814
1991,813
1999,808
2006,808
2014,804
2022,807
2029,805
2050,792
2058,881
2066,1067
2073,1174
2081,1086
2089,781
2097,684
2104,693
2112,703
2119,707
2127,708
2135,716
2142,718
2150,725
2158,727
2165,728
2173,731
2180,733
2190,738
2198,730
2206,732
2213,734
2221,748
2229,758
2236,773
2244,786
2251,803
2259,812
2267,821
2397,788
2404,796
2412,794
2420,798
2427,796
2435,801
2443,797
2450,799
2458,801
2466,799
2473,797
2481,791
2488,793
2496,786
2504,784
2511,781
2519,788
2527,792
2534,804
2555,820
2563,820
2570,829
2578,825
2586,829
2593,826
2601,827
2609,831
2616,835
2624,839
2632,839
2639,845
2647,844
2655,852
2662,844
2670,858
2677,950
2685,1135
2693,1235
2700,1136
2708,856
2718,777
2726,786
2733,798
2741,799
2748,804
2756,817
2764,818
2771,825
2901,927
2909,918
2916,903
2924,888
2931,868
2939,853
2947,835
2954,825
2962,811
2970,808
2977,800
2985,799
2993,795
3000,797
3008,802
3015,803
3023,805
3031,802
3038,808
3060,802
3067,799
3075,792
3083,787
3090,781
3098,771
3105,763
3113,756
3121,762
3128,762
3136,771
3144,771
3151,773
3159,773
3167,774
3174,772
3182,767
3190,768
3197,757
3205,760
3212,757
3220,760
3228,756
3235,761
3245,756
3253,754
3261,753
3268,732
3276,781
3283,944
3291,1119
3421,833
3428,835
3436,845
3444,848
3451,857
3459,864
3467,873
3474,881
3482,885
3490,890
3497,884
3505,876
3512,860
3520,852
3528,835
3535,825
3543,808
3564,782
3571,785
3579,783
3587,792
3595,794
3602,804
3610,808
3617,818
3625,824
3633,829
3640,836
3648,837
3656,845
3663,845
3671,850
3679,845
3686,848
3694,844
3701,849
3709,856
3717,863
3724,865
3732,865
3740,867
3747,858
3755,858
3762,850
3772,844
3780,825
3788,824
3795,823
3803,827
3933,830
3941,839
3948,839
3956,842
3964,840
3971,844
3979,838
3987,843
3994,838
4002,843
4010,842
4017,847
4025,852
4032,857
4040,871
4048,875
4069,891
4077,876
4084,860
4092,842
4099,822
4107,807
4115,784
4123,768
4130,745
4138,738
4145,726
4153,723
4161,714
4168,713
4176,714
4184,716
4191,721
4199,723
4206,730
4214,728
4222,736
4229,734
4237,739
4245,731
4252,735
4260,740
4268,745
4275,750
4283,755
4290,761
4300,762
4308,757
4316,746
4323,747
4453,930
4461,723
4468,733
4476,751
4484,767
4491,770
4499,777
4506,788
4514,790
4522,801
4529,798
4537,804
4545,801
4552,807
4573,816
4581,822
4589,839
4596,849
4604,868
4611,878
4619,896
4627,905
4635,914
4642,912
4650,908
4657,899
4665,887
4673,879
4680,862
4688,853
4696,835
4703,830
4711,820
4718,819
4726,817
4734,817
4741,817
4749,821
4757,829
4764,828
4772,835
4780,833
4787,839
4795,836
4802,842
4810,839
4818,838
4825,833
4835,831
4965,848
4973,849
4981,851
4988,836
4996,846
5004,976
5011,1164
5019,1211
5027,1072
5034,797
5042,758
5050,765
5057,777
5078,783
5086,786
5094,781
5101,781
5109,775
5117,772
5124,771
5132,766
5139,768
5147,766
5155,773
5162,777
5170,787
5178,789
5185,802
5193,808
5201,818
5208,822
5216,818
5224,812
5231,801
5239,795
5246,779
5254,772
5262,756
5269,749
5277,736
5285,734
5292,729
5300,731
5308,732
5315,733
5323,741
5330,743
5338,753
5468,817
5478,811
5485,805
5493,795
5501,794
5508,792
5516,788
5523,790
5531,790
5539,796
5546,796
5554,804
5562,780
5582,1177
5590,1174
5598,990
5606,776
5613,767
5621,792
5628,794
5636,805
5644,815
5651,826
5659,829
5667,836
5674,841
5682,845
5690,854
5697,855
5705,861
5712,858
5720,867
5728,871
5735,878
5743,885
5751,898
5758,907
5766,913
5773,919
5781,917
5789,915
5796,903
5804,895
5812,879
5819,870
5827,853
5835,845
5842,833
5850,821
5980,842
5988,852
5995,853
6005,854
6013,839
6021,840
6028,832
6036,830
6044,822
6051,821
6059,814
6066,814
6088,813
6095,803
6103,801
6110,794
6118,797
6126,760
6134,802
6141,978
6149,1147
6156,1116
6164,901
6172,699
6179,696
6187,718
6195,720
6202,721
6210,723
6218,733
6225,739
6233,741
6240,746
6248,745
6256,753
6263,752
6271,761
6279,760
6286,769
6294,772
6301,783
6309,793
6317,805
6324,817
6332,826
6340,837
6347,838
6355,839
6363,828
6493,807
6500,811
6508,812
6515,810
6523,809
6533,798
6541,790
6548,784
6556,793
6564,797
6571,808
6592,816
6600,820
6607,825
6615,825
6623,827
6630,823
6638,831
6646,832
6654,843
6661,842
6669,853
6676,853
6684,860
6692,828
6699,872
6707,1047
6715,1192
6722,1183
6730,965
6737,759
6745,779
6753,807
6760,820
6768,828
6776,831
6783,842
6791,847
6799,847
6806,854
6814,851
6821,858
6829,858
6837,867
6844,865
6852,873
6860,874
6867,880
6875,890
7005,817
7013,810
7020,813
7028,808
7036,813
7043,811
7051,813
7061,810
7069,804
7076,796
7097,786
7105,787
7113,781
7120,787
7128,782
7136,784
7143,780
7151,779
7158,769
7166,765
7174,763
7182,752
7189,749
7197,748
7204,753
7212,748
7220,752
7227,750
7235,755
7243,757
7250,725
7258,779
7265,952
7273,1069
7281,1045
7288,820
7296,651
7304,686
7311,707
7319,729
7327,733
7334,748
7342,760
7349,770
7357,778
7365,778
7372,787
7380,791
7388,802
7518,868
7525,856
7533,845
7540,836
7548,827
7556,826
7563,820
7571,822
7579,818
7602,820
7610,825
7617,836
7625,845
7632,851
7640,859
7648,856
7655,867
7663,866
7671,877
7678,884
7686,893
7693,893
7701,903
7709,904
7717,903
7724,897
7732,892
7739,892
7747,883
7755,886
7762,882
7770,885
7778,881
7785,886
7793,884
7800,888
7808,859
7816,911
7823,1085
7831,1228
7839,1206
7846,978
7854,816
7862,818
7869,836
7877,839
7884,843
7892,848
